2
1
2
25
25
-0.24301
-0.18771
-0.00419
-0.2635
-0.30369
-0.00546
0.14823
-0.35473
-0.00949
-0.32726
0.23397
-0.00565
-0.03466
-0.19298
-0.00241
0.37591
0.46209
-0.00529
0.72291
0.69352
0.00291
0.03561
0.26642
-0.00454
-0.12026
0.2147
-0.00197
-0.16872
-0.30651
-0.00673
-0.43472
-0.18382
-0.00373
-0.13991
-0.16939
-0.00559
-0.40639
0.06983
-0.00445
0.27941
-0.2036
-0.00842
-0.40475
-0.43684
-0.00319
-0.34817
-0.58015
0.00551
0.07824
-0.34545
-0.00701
-0.36376
-0.39287
-0.0056
0.65688
0.18937
0.00371
-0.18365
0.1544
-0.00419
-0.31044
-0.13218
0.00527
-0.07592
-0.431
-0.00635
0.42164
-0.0256
-0.00937
-0.51296
-0.67853
0.00512
-0.08458
0.15043
-0.0061
0.06736
-0.05422
0.14574
0.21675
0.22926
-0.11144
0.56496
-0.05118
-0.02968
0.10144
0.235
-0.332
0.13735
0.16915
0.321
0.15801
-0.18926
-0.31402
0.03553
-0.04112
-0.21541
0.24437
-0.26637
0.1342
-0.00569
0.00368
0.29358
0.33571
-0.29688
-0.02312
-0.27224
0.12862
0.12963
-0.15199
-0.33584
-0.17085
0.21235
-0.33336
0.17564
0.05524
-0.15493
-0.25028
0.17259
-0.20334
0.04693
-0.12292
0.10917
-0.00523
-0.27183
-0.07113
-0.19691
-0.00516
0.0202
0.21657
-0.2313
0.08048
0.1601
-0.10221
0.17049
0.0604
-0.20372
-0.04221
-0.06663
0.0204
-0.08222
0.26648
0.19941
-0.18592
-0.23603
0.11598
-0.19459
0.07057
0.04573
-0.29013
-0.00217
0.32552
0.31872
-0.00375
0.08224
-0.30303
-0.06345
0.13502
-0.01831
0.2801
-0.35218
-0.06258
-0.05898
-0.32436
0.32003
-0.30794
0.07805
-0.02749
-0.32308
0.1468
-0.26048
-0.11922
-0.07806
-0.25979
0.05629
-0.15849
-0.31256
0.33553
-0.27883
0.0051
0.30682
-0.00369
-0.12624
-0.13524
-0.23072
-0.1983
0.51922
0.13625
0.30686
0.19326
-0.28604
-0.24671
0.05676
-0.00147
-0.12379
0.29854
0.27577
-0.05369
0.41714
0.051
0.10535
0.25372
0.15772
-0.41833
0.12765
0.00306
-0.34396
-0.00131
0.32711
0.23731
0.1385
-0.19803
0.26637
-0.13583
-0.09831
0.0803
0.14047
0.16551
-0.20448
-0.08249
0.02232
0.00606
0.09334
0.22577
0.0119
-0.32693
-0.13444
0.32171
0.01188
-0.09272
0.14908
-0.00552
-0.28358
-0.23711
-0.00079
-0.20363
0.26583
-0.25923
-0.01992
0.30822
0.19845
-0.02683
0.02838
0.07485
0.06014
0.13685
-0.18069
0.31956
-0.2926
0.01786
-0.24777
-0.1314
-0.13986
-0.16778
0.29813
-0.27355
0.13748
-0.00378
-0.07721
-0.33846
-0.22596
0.14351
-0.03737
0.09296
0.34078
0.02503
0.17649
0.24141
0.2663
-0.27206
-0.30389
0.28129
0.33852
0.27713
-0.22798
0.20975
-0.27248
0.25465
-0.09201
0.20717
-0.02952
0.06362
0.28118
-0.0058
0.11761
-0.26044
0.313
0.18747
-0.12191
0.23744
-0.42517
-0.11878
-0.15642
0.22698
0.28689
0.28481
-0.03482
-0.12447
-0.32566
0.20172
-0.14285
-0.16177
-0.11876
-0.10247
0.22981
0.01865
-0.20637
0.1453
-0.30398
0.00648
0.14989
-0.12266
0.21422
0.31554
-0.30338
0.13623
-0.22872
-0.08666
-0.02001
-0.1225
0.32934
0.31798
-0.1074
-0.15264
-0.08449
-0.27235
0.10682
-0.23104
-0.29787
-0.17958
0.24528
-0.02062
-0.01624
0.14056
0.19334
-0.00696
0.16698
-0.06615
0.18133
-0.20182
-0.00508
-0.06447
-0.31271
0.05211
-0.19533
0.30837
0.31486
-0.16648
0.08478
0.03339
-0.09702
0.1626
-0.18307
0.22876
0.15843
0.14073
-0.13829
-0.2973
0.11204
0.34402
-0.17949
-0.00641
0.34478
0.02179
-0.0691
0.22159
0.35296
-0.34437
-0.17796
-0.13641
-0.01192
-0.01154
-0.27147
0.03556
-0.28606
-0.3398
-0.03341
0.01746
-0.11872
0.19611
-0.13309
0.31245
-0.34939
-0.07927
-0.02675
0.32078
0.31505
0.0006
0.23845
0.07345
0.07717
0.0982
-0.2082
-0.14211
0.05102
-0.08047
0.20787
0.26361
-0.00489
0.04994
0.05208
0.00991
0.18136
-0.19816
-0.13177
0.13224
0.22872
0.17221
0.02832
0.1847
-0.14746
0.00152
0.2403
-0.00563
-0.21038
-0.33311
0.05829
-0.11248
-0.39031
0.24018
0.31533
0.31591
0.21842
0.11106
0.00419
-0.10125
-0.04118
-0.18811
-0.32428
-0.03926
0.18926
-0.12291
0.15375
0.02808
-0.14635
-0.08132
-0.00497
-0.03953
0.24568
-0.00589
0.14025
0.00668
-0.30074
-0.0744
-0.33066
-0.066
0.01166
0.24954
-0.22035
-0.31518
-0.14028
-0.27341
-0.21291
-0.30773
-0.13274
0.15092
0.31991
0.04984
0.27492
0.32448
-0.28637
-0.26806
0.046
-0.27472
-0.32435
0.00189
-0.34466
-0.28169
0.16045
-0.29125
-0.30502
0.21993
0.00177
0.00563
-0.15463
0.06853
-0.13516
0.02662
0.18983
-0.22146
-0.14441
0.06328
-0.05649
0.30135
-0.2329
-0.21104
0.01558
-0.07386
0.31682
-0.33285
-0.10461
0.0
0.26429
0.11103
-0.28125
0.20282
0.09487
0.00015
0.17683
-0.19715
0.17583
0.14676
-0.26661
-0.21553
-0.23419
0.12648
0.02281
-0.34281
-0.14238
-0.11536
-0.29904
0.2435
-0.06235
0.04659
-0.08648
0.21312
0.23545
-0.00396
-0.13509
-0.09735
0.06823
-0.22581
-0.17998
0.15447
-0.16209
0.17372
-0.27225
-0.00504
0.14097
-0.21481
-0.14895
0.27991
-0.32028
0.00831
-0.20118
-0.19568
-0.05819
-0.2929
-0.11851
0.14796
-0.04694
0.23116
-0.20026
-0.00536
0.30448
-0.30411
0.17794
-0.19358
0.19374
0.24929
0.52103
0.14052
0.12245
0.08575
0.13888
-0.3051
0.25353
-0.14709
0.02053
-0.0273
-0.10952
-0.24077
0.28567
0.01464
0.13864
0.19052
0.00932
-0.39407
-0.32367
0.00366
0.33511
-0.31479
0.21451
0.2226
0.14512
-0.33519
-0.19355
0.24852
0.2352
-0.11799
-0.22526
-0.2693
0.09369
-0.23061
0.31694
0.23137
0.18504
-0.04852
-0.24657
-0.14619
-0.26419
0.02569
-0.16507
-0.25164
0.31506
-0.00466
-0.10569
0.002
0.23895
0.12868
-0.01618
-0.0112
0.09951
0.01289
0.1942
0.14726
-0.11491
-0.0823
-0.06727
-0.06584
-0.23567
-0.18129
0.12943
-0.1455
-0.19815
0.18831
-0.32903
-0.05185
0.20706
-0.18634
0.25237
-0.00563
0.08708
0.02897
-0.32331
-0.19755
0.14713
-0.24031
-0.3977
0.07247
0.29314
0.27825
0.34283
-0.175
0.14072
0.17569
0.06979
0.11654
0.08414
0.16877
-0.38219
-0.16694
0.01645
0.1835
-0.10728
0.36223
0.32663
0.01047
0.24512
0.04184
-0.31656
0.19614
0.17455
0.00337
0.03893
-0.33625
0.01757
0.03453
-0.00278
-0.00553
-0.15259
0.31461
-0.29216
0.22329
0.11153
-0.27728
-0.10089
0.02872
0.25985
-0.03283
0.27549
-0.28317
-0.04284
-0.00733
0.30643
0.26365
0.07507
0.07706
-0.14626
0.15628
0.31865
-0.16474
-0.15439
-0.02804
0.01072
0.31345
-0.25433
0.33175
-0.09756
-0.20805
0.02763
-0.28118
0.26005
-0.12078
0.20447
-0.31157
-0.11742
0.07141
0.18978
0.00197
-0.34193
-0.207
0.07865
-0.01669
0.04845
-0.06684
-0.49604
-0.02675
0.07013
-0.15788
0.13861
-0.15236
-0.06848
-0.11084
0.33909
0.27674
-0.29966
0.22394
0.20092
-0.04978
0.17215
0.07136
-0.24517
0.198
-0.30192
0.00208
-0.39757
-0.47563
-0.13953
0.32202
-0.25362
0.32063
0.01388
-0.12681
0.43118
-0.33472
0.09568
0.00016
0.45845
-0.01793
-0.00473
-0.30083
-0.1659
0.32844
-0.36319
-0.33402
0.45242
0.34286
0.05281
-0.12741
0.40624
-0.0049
