5
1
5
20
20
20
20
20
0.639449417591095
0.4418739974498749
0.1810593605041504
-0.28832727670669556
-0.427441269159317
0.24996212124824524
-0.3964158296585083
0.9436277151107788
-0.02519693598151207
0.6306924819946289
0.4681222140789032
0.315734326839447
0.756215512752533
0.5211268067359924
0.15712176263332367
0.03477553278207779
0.15293365716934204
-0.34644293785095215
0.058903809636831284
0.047611676156520844
0.7530116438865662
-0.33144259452819824
0.24931353330612183
-0.05084415525197983
0.47668325901031494
-0.10645154118537903
0.1983172595500946
-0.5240244269371033
0.30139681696891785
-0.967539370059967
0.3286166787147522
0.27485617995262146
0.6709031462669373
-0.8379688262939453
0.8012625575065613
-0.6012778282165527
-0.7069422602653503
-0.3850875794887543
-0.022918375208973885
-0.5744391083717346
-0.5980545282363892
0.7174443602561951
0.8170155882835388
-0.11925247311592102
-0.8148800134658813
0.6699379086494446
0.24132220447063446
-0.8692522048950195
-0.14826732873916626
0.33066412806510925
-0.42369556427001953
-0.6267364621162415
-0.04549209028482437
-0.3784140348434448
-0.780541718006134
0.6476826667785645
0.08327444642782211
0.5246066451072693
0.015103915706276894
0.6554791331291199
-0.6847543716430664
-0.357319176197052
-0.6134219765663147
-0.5551607012748718
-0.47606736421585083
0.2270498424768448
0.7042788863182068
0.30288422107696533
-0.052375152707099915
0.6147646903991699
0.4175601005554199
0.8211939930915833
0.17252422869205475
0.0122916204854846
-0.7397928833961487
0.24950098991394043
-0.5795021653175354
0.7692820429801941
0.019599145278334618
-0.682683527469635
-0.2548467516899109
-0.4704982042312622
-0.40203675627708435
-0.5076422691345215
0.30914121866226196
-0.3889526426792145
-0.6302609443664551
0.5029277205467224
0.6031721234321594
0.9170425534248352
-0.5117299556732178
-0.7873765230178833
-0.11594008654356003
0.5099989175796509
-0.8678719401359558
-0.09367824345827103
0.34584882855415344
0.7391922473907471
0.34983062744140625
-0.6738957166671753
-0.8193152546882629
0.7756516337394714
-0.4614178240299225
0.3600977957248688
0.4559159278869629
-0.5440140962600708
-0.12183088809251785
-0.06873026490211487
0.26217782497406006
0.6535154581069946
0.6456369757652283
0.19689133763313293
-0.6650617122650146
0.1702737808227539
0.8877914547920227
0.8906223773956299
0.4964712858200073
-0.3653656840324402
0.920810878276825
-0.9777215123176575
0.4137270152568817
0.6206899285316467
-0.39140769839286804
-0.12736240029335022
0.4630783498287201
0.5398937463760376
-0.5046488046646118
0.5402029752731323
0.13066290318965912
-0.5205859541893005
0.2408992499113083
0.6600151062011719
0.9316787719726562
0.15195143222808838
0.08640283346176147
-0.3018614947795868
0.14615604281425476
0.6573023796081543
-0.3447774350643158
-0.23891590535640717
0.6607398986816406
-0.15939122438430786
0.6188142895698547
-0.004615471698343754
0.2995726764202118
-0.4753137528896332
-0.45570653676986694
0.923250138759613
-0.7170428037643433
-0.19774648547172546
-0.1403885930776596
-0.5546799898147583
-0.26102009415626526
-0.8054961562156677
0.08793817460536957
-0.737250566482544
0.5873245596885681
-0.6830625534057617
0.9339732527732849
0.9175565242767334
0.9808000922203064
-0.37265464663505554
-0.8736330270767212
0.6015408039093018
0.7137629389762878
-0.7009067535400391
-0.5671010613441467
-0.57132488489151
0.8860428929328918
0.5657565593719482
0.6346634030342102
0.5232646465301514
-0.49262484908103943
0.0900808796286583
0.5499677062034607
-0.3272501826286316
0.7336260080337524
0.374162495136261
0.09860924631357193
-0.23518908023834229
-0.20671893656253815
-0.738869845867157
0.19976213574409485
0.14852507412433624
-0.783368706703186
-0.5026826858520508
-0.47681868076324463
0.499719500541687
-0.38910117745399475
1.0159274339675903
-0.7622625231742859
0.7700529098510742
-0.39632880687713623
0.21161200106143951
0.9252943992614746
-0.29116106033325195
0.9988149404525757
-0.07178905606269836
0.06618065387010574
-0.22351427376270294
-0.6229231357574463
-0.6423929333686829
0.5371732711791992
-0.06353110820055008
-0.7986950278282166
0.45384857058525085
-0.9276269674301147
0.5041531920433044
0.8145068287849426
-0.26176655292510986
-0.8660720586776733
0.1923910230398178
0.5602461695671082
-0.036308322101831436
-0.33999526500701904
0.9036775231361389
-0.44003650546073914
-0.7079190611839294
-0.4243468642234802
-0.576832115650177
-0.8322296142578125
0.9743950366973877
0.02205093763768673
-0.24023200571537018
0.31500083208084106
0.8789095878601074
0.10333286225795746
0.2149573117494583
0.25815489888191223
-0.6675872802734375
-0.7209230661392212
-0.6094850897789001
-0.8809257745742798
0.40496519207954407
0.5625742673873901
0.04634790122509003
0.6352921724319458
0.5308746099472046
0.7025753259658813
-0.37705671787261963
-0.6860654950141907
-0.7280305624008179
0.35987359285354614
-0.938967227935791
-0.4368436932563782
-0.4780001938343048
0.3420838415622711
0.0012015108950436115
0.04369702562689781
-0.9056391716003418
-0.31939181685447693
-0.23259451985359192
-0.15012623369693756
0.87592613697052
-0.27704674005508423
-0.18169869482517242
-0.629291296005249
-0.16711308062076569
-0.1846257895231247
0.5097096562385559
0.3403591513633728
-0.19371789693832397
-0.2336825579404831
0.8741136193275452
0.26710045337677
-0.13149942457675934
-0.43166354298591614
-0.4699763059616089
-0.3459409475326538
-0.542041003704071
0.29880496859550476
-0.8034989237785339
0.086239755153656
0.0741528570652008
-0.6036801934242249
0.28771165013313293
0.67933189868927
-0.09460742771625519
0.663189172744751
-0.5627090334892273
0.04860195517539978
0.054990384727716446
-0.14809295535087585
-0.07207754254341125
0.2728203535079956
-0.23342472314834595
-0.1801217645406723
0.382148802280426
0.5561996102333069
-0.6382027864456177
0.8084213137626648
0.17050506174564362
0.8969259858131409
-0.8613335490226746
-0.0547608882188797
-0.8979957699775696
-0.7421457767486572
0.3677445948123932
0.9086736440658569
-0.14915785193443298
-0.04611396789550781
-0.7967495918273926
0.029447579756379128
0.8970004916191101
-0.4684363901615143
0.2678019404411316
0.572549045085907
0.6913972496986389
0.9430826902389526
0.32530856132507324
-0.30482974648475647
0.8801013231277466
0.8416424989700317
0.5611012578010559
-0.1701061725616455
0.18482062220573425
-0.32148462533950806
-0.1468893140554428
-0.836294412612915
-0.1731930822134018
-0.22847214341163635
-0.5915016531944275
-0.5371554493904114
-0.289680540561676
0.7642402052879333
0.6318386793136597
-0.25598740577697754
-0.6956909894943237
-0.2505680024623871
-0.4331817626953125
-0.25455254316329956
0.43378975987434387
-0.1176442801952362
-1.0588629245758057
0.32611533999443054
0.40504342317581177
0.0051187993958592415
0.38040027022361755
-0.17220112681388855
1.057228922843933
-0.7943570613861084
0.33988162875175476
-0.4676600694656372
0.9888991713523865
0.026485726237297058
-0.3622554838657379
0.12371218204498291
-0.9443644881248474
-0.062331147491931915
-0.8106189370155334
0.7045625448226929
0.07968208938837051
0.04104763641953468
0.41682925820350647
0.4531230926513672
0.5233317017555237
0.7115380764007568
0.5657623410224915
-0.5782211422920227
-0.221133753657341
0.08542118966579437
-0.4006875455379486
-0.5082035660743713
-0.1890455186367035
0.413947194814682
-0.9598825573921204
0.6624593138694763
-0.6222711801528931
0.12551069259643555
0.24283573031425476
-0.43452903628349304
0.8034679889678955
-0.8795678615570068
0.24377857148647308
0.04891671985387802
-0.20296427607536316
0.23594288527965546
0.3295467793941498
0.42070385813713074
0.8627929091453552
-0.4457702338695526
-0.5103940367698669
0.10454364866018295
-0.6292664408683777
-1.0169754028320312
-0.5638193488121033
0.03447651490569115
0.18031714856624603
-0.7129577994346619
0.4626104533672333
-0.7199562788009644
-0.7456830739974976
0.6755185127258301
0.3680442273616791
0.5279085040092468
-0.41208019852638245
0.349719762802124
-0.3116897940635681
-0.15765978395938873
0.05159296467900276
-0.9421416521072388
-0.5927592515945435
-0.7119107842445374
0.3813759386539459
-0.5503366589546204
-0.10031366348266602
0.2645125687122345
0.925484836101532
0.06858222186565399
0.5388770699501038
0.27815455198287964
-0.02011934667825699
0.6227099299430847
0.5051019191741943
0.802682101726532
-0.5819897055625916
-0.9886476993560791
-0.8454134464263916
-0.6750262975692749
0.5820615291595459
-0.6971397399902344
-0.054850805550813675
0.4714212715625763
-0.8683966994285583
-0.33059802651405334
-0.38331082463264465
-1.021888256072998
-0.7244858145713806
-0.06797784566879272
0.6742087602615356
0.24684613943099976
-0.8409352898597717
0.5330762267112732
0.18877945840358734
-0.48264577984809875
-0.04578454792499542
-0.01107750739902258
-0.42067432403564453
0.5520764589309692
0.7717565298080444
-0.3465014100074768
0.19243410229682922
0.2657994031906128
0.719784140586853
-0.9484359622001648
0.05992858484387398
-0.8107373714447021
-0.9105859398841858
0.07272671163082123
-0.29751965403556824
0.5759417414665222
-0.33652251958847046
-0.6284661293029785
-0.6777312755584717
0.33137616515159607
0.8945924043655396
-0.18067893385887146
0.4512306749820709
0.3288746774196625
-0.7435058355331421
0.7650833129882812
-0.5582337975502014
0.8303708434104919
-0.039984092116355896
0.5831994414329529
-0.31600943207740784
0.2330453097820282
0.18584229052066803
-0.7414385080337524
0.5135716199874878
0.4571945071220398
0.14626657962799072
-0.7175413370132446
0.5720192193984985
0.2512996196746826
0.28301408886909485
0.6955784559249878
0.9249643683433533
-0.3612498342990875
-0.606433629989624
0.21486757695674896
0.5733023881912231
-0.6658881902694702
0.8322855234146118
-0.745957612991333
-0.8075709939002991
0.15845564007759094
0.48491907119750977
0.8834810853004456
-0.521885335445404
-0.15913838148117065
-0.6713806390762329
-0.9720578789710999
-0.23018807172775269
0.05433504283428192
0.6482964754104614
0.054287999868392944
0.6876309514045715
-0.8687471747398376
0.5276507139205933
-0.5432758927345276
0.13784311711788177
-0.2630309462547302
0.4073236584663391
0.4463471472263336
0.37623080611228943
0.1086326614022255
0.5644862651824951
0.38777464628219604
0.528011679649353
0.2138882428407669
-0.8326711654663086
-0.7820594906806946
-0.24352487921714783
-0.0153651786968112
-0.23126183450222015
0.0018485799664631486
-0.5376129746437073
0.556398332118988
0.8584703803062439
0.3596152365207672
0.7552440762519836
0.06017955020070076
-0.007550237700343132
-0.9490160346031189
-0.6248831152915955
-0.5708375573158264
0.1763489842414856
0.25350844860076904
-0.7262389063835144
-0.5171355605125427
-0.5365551114082336
0.1742134392261505
-0.1091841459274292
-0.12775839865207672
0.07100528478622437
-0.4233643412590027
-0.990372359752655
-0.8053736686706543
-0.05248934030532837
0.6469181776046753
-0.8036482930183411
-0.7937262058258057
-0.6948477625846863
-0.018428506329655647
-0.8139194846153259
-0.44922560453414917
0.8893550038337708
0.4441515803337097
-0.860765278339386
0.24252191185951233
0.5642133951187134
0.8642750382423401
-0.028348807245492935
0.7864556312561035
0.26870089769363403
0.8973808288574219
-0.8327856063842773
-0.8459900617599487
-0.8915961980819702
-0.6885961294174194
0.8090556859970093
0.09738770127296448
-0.03458426520228386
-0.9899281859397888
0.8307742476463318
-0.12428174167871475
-0.2463620901107788
0.5568527579307556
-0.13531383872032166
0.05393943190574646
0.37166061997413635
-0.9825611710548401
-0.7210277318954468
-0.7121157646179199
-0.45622843503952026
-0.19373373687267303
0.12913809716701508
-0.3038415014743805
0.21247953176498413
-0.4518525004386902
0.4801131784915924
-1.0170297622680664
0.14495810866355896
0.07530191540718079
-0.7404429912567139
0.1686391532421112
-0.3760570287704468
0.5629103183746338
0.6478162407875061
-0.07878313958644867
-0.7130439281463623
0.48652923107147217
-0.25743529200553894
-0.3143339455127716
-0.1560835987329483
0.24181599915027618
-0.7685621976852417
0.392800897359848
-0.4864389896392822
0.5147482752799988
-0.2850423753261566
0.2635960280895233
0.43179523944854736
-0.13505446910858154
0.655745267868042
-0.44582101702690125
-0.869682788848877
-0.2416982501745224
0.6217738389968872
0.47237828373908997
-0.7237650752067566
0.5590957403182983
-0.9018771052360535
0.36570027470588684
0.368463933467865
0.7520394325256348
0.27671968936920166
0.8397834300994873
0.12021218240261078
0.11514383554458618
-0.39296576380729675
0.562113344669342
0.20495657622814178
-0.19275164604187012
-0.997816264629364
0.8341085910797119
0.5124137997627258
-0.15938639640808105
0.9911847114562988
-1.1128907203674316
0.5893784165382385
-0.7714101076126099
-0.9370325207710266
0.21740782260894775
-0.9390829205513
0.2077554613351822
0.3108399212360382
-0.39680716395378113
0.6572255492210388
0.9411502480506897
0.33983999490737915
0.06925484538078308
-0.6223100423812866
-0.5216522216796875
0.2020416408777237
-0.71391761302948
-0.2592630982398987
0.4657779932022095
0.42992451786994934
0.7389844655990601
-0.6219049096107483
-0.1950659602880478
0.6795319318771362
-0.7212030291557312
-0.5356727838516235
-0.1591482013463974
0.6672374606132507
0.8918764591217041
0.01524678710848093
-0.722353994846344
-0.487427294254303
0.6066972017288208
0.6710530519485474
-0.1870408058166504
-0.43188172578811646
1.0455546379089355
0.1091279685497284
-0.26149797439575195
-0.6418864130973816
-0.19678911566734314
0.8958131074905396
-0.7733650207519531
-0.7387388944625854
-0.8751605153083801
-0.2104286551475525
-0.3179295063018799
-0.6360962390899658
-0.5574688911437988
-0.179294154047966
-0.7778284549713135
-0.3153975307941437
0.3923548758029938
-0.9415954351425171
0.13513505458831787
0.3879093527793884
0.6043673157691956
0.6804035305976868
0.6561197638511658
-0.8182517290115356
0.49088168144226074
-0.49088865518569946
-0.49139031767845154
0.4585948586463928
-0.6775324940681458
0.5192067623138428
-0.5605528354644775
0.41918647289276123
0.08544322848320007
-0.36128267645835876
-0.1818496435880661
0.5942826271057129
-0.010359693318605423
-0.8118426203727722
0.7269487380981445
0.46723008155822754
0.6589608788490295
0.17131397128105164
0.9480313658714294
0.4565248191356659
0.3187188506126404
-0.6183132529258728
0.17173293232917786
-0.9030167460441589
0.6536211967468262
0.616651177406311
-0.21793675422668457
0.8791173100471497
-0.713313102722168
-0.6443390846252441
-0.6241490244865417
0.5212573409080505
0.6594969630241394
0.472795307636261
-0.7148491740226746
0.8010120391845703
0.14951269328594208
0.0923505425453186
-0.3931505084037781
-0.21346931159496307
0.8108827471733093
-0.586135745048523
0.4036276340484619
0.9700814485549927
0.6636773943901062
-0.4210737943649292
-0.929471492767334
-0.17635811865329742
-0.22633451223373413
-0.5648325085639954
-0.2564074993133545
-0.9439293146133423
0.7430064678192139
0.31376683712005615
0.743023157119751
0.31398582458496094
-0.061876412481069565
0.7302281856536865
0.824678361415863
-0.40576013922691345
-0.33422303199768066
0.6781141757965088
0.6655719876289368
-0.7043721675872803
0.8574969172477722
0.3774511516094208
0.3042698800563812
0.09178241342306137
-0.45151808857917786
-0.11371487379074097
-0.18410542607307434
0.6762712597846985
0.3179950714111328
0.39240333437919617
-0.7688958048820496
0.9919121861457825
-0.025226334109902382
-0.26203450560569763
-0.07056805491447449
0.8352572917938232
-0.5475391745567322
-0.390024870634079
-0.09175080060958862
-0.22356031835079193
-0.2200189083814621
0.9799076318740845
0.19204378128051758
-0.7363793253898621
0.6469942927360535
-0.9375993609428406
-0.4649815559387207
0.16963942348957062
-0.9993141293525696
-0.4277021288871765
-0.6572237014770508
0.8780065178871155
0.44386592507362366
0.5246623158454895
-0.8487266302108765
-0.8137530088424683
0.23708400130271912
0.010690532624721527
-0.32105791568756104
-0.2954455316066742
-0.09223001450300217
0.6416072845458984
0.6720276474952698
-0.5705204010009766
-0.25046199560165405
0.8967940807342529
0.43077942728996277
0.17388539016246796
-0.3794555366039276
0.3021738529205322
-0.938418447971344
-0.26537585258483887
-0.8500048518180847
0.16474513709545135
-0.9037595391273499
-0.6612751483917236
0.8589923977851868
0.820943295955658
0.13019567728042603
0.12851586937904358
-0.7439520955085754
-0.5607030391693115
0.0434117428958416
0.30816006660461426
0.07033856958150864
0.6074767708778381
-0.07946300506591797
-0.1337977647781372
0.017741085961461067
-0.18462491035461426
-0.4349674582481384
-0.4310981333255768
-0.4552552402019501
-0.5503427386283875
0.6843242645263672
-0.6951594948768616
0.3060475289821625
-0.1628550887107849
0.7877222895622253
-0.8637544512748718
-0.43864715099334717
0.10113836824893951
-0.8942282199859619
0.8465549945831299
0.7190069556236267
-0.8884888887405396
0.38209614157676697
-0.8666241765022278
0.28851813077926636
1.0388612747192383
-0.33493462204933167
0.6065351963043213
-0.7736124396324158
-0.5138493776321411
-0.24941737949848175
-0.23113371431827545
-0.00031532387947663665
0.108222596347332
0.05489114299416542
-0.3094143569469452
-0.6702426075935364
0.7717022895812988
-0.5948312878608704
0.575090229511261
-0.308635950088501
0.5878055691719055
-0.1379013955593109
0.3941459655761719
0.0492192879319191
0.5997045636177063
0.2622568905353546
0.7704174518585205
-0.2820398509502411
-0.8071744441986084
0.5412541031837463
-0.11306779086589813
0.7028440833091736
0.5579999685287476
0.2072020322084427
0.38330382108688354
0.9927706718444824
0.015230084769427776
0.29193633794784546
-0.630524754524231
0.6181682348251343
0.13014806807041168
0.5939267873764038
-0.6185235381126404
0.4568150043487549
-0.6059671640396118
0.3943879306316376
0.6950884461402893
0.1510539948940277
-0.21183061599731445
0.24996189773082733
-0.3966898024082184
-0.7593774795532227
0.6082974672317505
-0.6071969270706177
-0.040917400270700455
-0.8625123500823975
0.7805299162864685
0.08539384603500366
0.5801697373390198
0.458493709564209
-0.08385811746120453
-0.6827645897865295
-0.6159627437591553
-0.34444907307624817
-0.35785403847694397
-0.40858402848243713
-0.09848722070455551
-0.8338589072227478
-0.6297558546066284
0.8310920596122742
-0.9765306711196899
0.9460467100143433
0.8260795474052429
0.8114631772041321
-0.017975904047489166
0.5342991948127747
-0.3679727017879486
-0.2723684012889862
0.021401911973953247
-0.6273491382598877
-0.06198916211724281
0.582823634147644
-0.17407917976379395
-0.7486867308616638
0.8753141760826111
0.2208409309387207
0.9499112367630005
0.6124786138534546
-0.15907186269760132
0.1707824170589447
0.6871325373649597
0.661175549030304
0.7250070571899414
-0.5933634638786316
-0.19203662872314453
0.2348865270614624
-0.060631293803453445
0.6069244146347046
0.5657931566238403
-0.761197566986084
-0.7401419281959534
0.42657217383384705
0.291172593832016
0.9352511763572693
-0.08631540089845657
0.6947340369224548
-0.41481420397758484
-0.6689392328262329
-0.8445870876312256
-0.8639360666275024
-0.8911489248275757
0.8036118149757385
-0.867876410484314
0.2102266103029251
0.5312447547912598
-0.7509061098098755
0.17888979613780975
0.7269623279571533
-0.9412664771080017
-0.3433529734611511
-0.6887839436531067
-0.07003139704465866
-0.9310353994369507
0.530767560005188
-0.031167728826403618
-0.5942325592041016
0.33787277340888977
-0.8759845495223999
0.7247995138168335
-0.5639334917068481
0.33668017387390137
0.3546295464038849
0.2558650076389313
-0.758159875869751
0.09583131223917007
-0.21621964871883392
0.4490741491317749
-0.5369259715080261
-0.07076824456453323
0.25225040316581726
-0.35220250487327576
0.7311437129974365
0.3871825337409973
0.1119801476597786
-0.723164439201355
-0.9792327880859375
0.5713505744934082
0.5817992091178894
-0.36930909752845764
-0.2779644727706909
-0.7164143919944763
-0.9098120331764221
0.19543471932411194
0.14519216120243073
-0.1760472059249878
-0.8471601605415344
0.7894850969314575
-0.13545168936252594
-0.365396648645401
-0.735312819480896
-0.1849866509437561
-0.528985321521759
-0.16613665223121643
0.40429338812828064
0.07133780419826508
-0.9773260354995728
0.25961360335350037
-0.45285746455192566
0.4041979908943176
-0.4587368071079254
0.7372403740882874
-0.8413634300231934
0.8029113411903381
-0.8507822751998901
0.4788818061351776
0.5892770290374756
-0.03905237466096878
0.006729101296514273
-0.424842894077301
-0.3404330015182495
0.7316204905509949
-0.47965094447135925
-0.44365060329437256
0.4840281009674072
0.27272674441337585
-0.8525355458259583
0.47703513503074646
-0.39673811197280884
-0.8856332898139954
-0.6496073007583618
-0.014526854269206524
-0.7617565393447876
-0.42137235403060913
0.345239520072937
0.7823276519775391
0.01644306071102619
-0.4945598840713501
0.6994549632072449
0.12444687634706497
-0.9078559279441833
-0.4988725483417511
-0.5241169929504395
0.21842055022716522
-0.7152323722839355
-0.8601289987564087
0.1650821715593338
-0.16679032146930695
0.645122766494751
0.6458931565284729
0.32874420285224915
-0.8427494168281555
-0.7982664108276367
-0.9186058044433594
0.7694036364555359
-0.5598814487457275
0.9457932710647583
0.729653000831604
0.17844852805137634
-0.19384127855300903
0.5538384318351746
-0.3547731935977936
-0.8093478083610535
-0.8781395554542542
0.22566066682338715
-0.5788185596466064
0.9176905751228333
0.6853062510490417
0.35907503962516785
0.20735570788383484
0.7949301600456238
0.12083449959754944
0.5769158601760864
-0.8380367159843445
0.9727331399917603
-0.6421892046928406
0.04763741418719292
-0.6212487816810608
-0.7097417116165161
-0.9638463258743286
-0.4675334692001343
-0.40892574191093445
-0.10559295862913132
0.39643874764442444
-0.3999386429786682
0.6704277396202087
0.6198373436927795
0.3758133053779602
-0.21221420168876648
-0.024353815242648125
-0.8070311546325684
-0.5349766612052917
0.4019261300563812
0.8619377613067627
-0.550325334072113
0.87999427318573
1.0488890409469604
0.24738308787345886
-0.7473537921905518
0.32349610328674316
0.3139868974685669
0.05432557314634323
-0.5017113089561462
0.2011357694864273
-0.23581358790397644
0.8549838066101074
-0.4857097566127777
0.44521087408065796
-0.48106929659843445
-0.37398141622543335
-0.1341509222984314
-0.3568737506866455
-0.39003926515579224
0.8259667158126831
0.5030176043510437
0.5901138782501221
0.25408393144607544
-0.6823331713676453
0.24191848933696747
0.922235369682312
0.20293530821800232
0.6536398530006409
-0.26218560338020325
0.6310239434242249
-0.47691118717193604
-0.5047509670257568
-0.5610974431037903
-0.4624822437763214
0.456756055355072
0.47158610820770264
-0.5710335969924927
0.03511593118309975
0.7726522088050842
-0.7669003009796143
-0.6679546236991882
0.7113578915596008
0.7983107566833496
-0.817234456539154
-0.16790889203548431
1.0979334115982056
-0.17760641872882843
0.026499055325984955
0.3998212516307831
0.5170430541038513
-0.8444682359695435
0.6393654346466064
0.07492447644472122
-0.3627018332481384
-0.7762278914451599
-0.4616372287273407
-0.04264604300260544
-0.5227248072624207
-0.1565127968788147
0.7589393854141235
0.5064536929130554
0.37331873178482056
0.3386695683002472
0.128034770488739
0.7368292212486267
-0.18237736821174622
0.16247990727424622
0.5698135495185852
-0.5328277945518494
-0.232600599527359
0.4407130181789398
-0.9311012029647827
0.6857222318649292
-0.8732663989067078
0.018716301769018173
-0.3205634653568268
-0.6908089518547058
0.7367051839828491
0.07193807512521744
-0.7399925589561462
0.2905835211277008
0.4552503228187561
-0.22486722469329834
0.01985643059015274
-0.31258195638656616
0.6503258347511292
0.20082589983940125
0.024322902783751488
0.7447928190231323
0.9299928545951843
0.041440676897764206
-0.2966959774494171
-0.4347972273826599
0.7811243534088135
0.430579274892807
0.35420718789100647
-0.268000990152359
-0.8516541719436646
-0.35710129141807556
0.3731652498245239
0.6305671334266663
-0.7015636563301086
0.2224418967962265
0.4083767533302307
-0.8299906253814697
-0.5664553046226501
0.09770776331424713
0.6736240983009338
0.7698288559913635
0.7267679572105408
0.8190885186195374
-0.39520224928855896
0.7289785742759705
0.7017243504524231
0.22652313113212585
-0.9510177373886108
-0.25117242336273193
0.18304108083248138
-0.380972295999527
0.11829392611980438
0.8481435775756836
0.5917617678642273
0.37111836671829224
-0.24978017807006836
-0.3070131242275238
0.1489199846982956
-0.8688442707061768
-0.019110046327114105
-0.3764157295227051
-0.8614959120750427
0.9525468945503235
0.30401909351348877
-0.46805891394615173
-0.2883857488632202
-0.05970340222120285
-0.3313240706920624
-0.5006590485572815
0.3587627708911896
0.15650376677513123
0.3067183494567871
-0.5095857977867126
-0.5042204260826111
0.0021620052866637707
-0.8332970142364502
0.13816773891448975
0.15981899201869965
0.6231703758239746
0.7755036354064941
-0.6456316113471985
-0.504802405834198
0.25069987773895264
-0.33573010563850403
-0.7865633964538574
0.5298529267311096
-0.613611102104187
-0.2881354093551636
0.48324206471443176
-0.4225444495677948
-0.7221691608428955
0.625930905342102
0.29334476590156555
-0.7319877743721008
-0.3783118724822998
0.34394893050193787
0.11289136856794357
-0.020646538585424423
-0.31502383947372437
0.6363667845726013
-0.4341689646244049
-0.310108482837677
-0.8037415146827698
-0.8321865797042847
0.5230209231376648
0.029252955690026283
0.16875866055488586
-0.8178882598876953
-0.07501041889190674
-0.025976279750466347
0.25050088763237
-0.8446018695831299
0.6326291561126709
0.14821603894233704
-0.5264509320259094
0.11051967740058899
0.18989117443561554
-0.07606608420610428
0.26512813568115234
0.7145504951477051
-0.6206526160240173
1.0955229997634888
0.44181057810783386
-0.5652329325675964
0.2017538696527481
0.7156452536582947
-0.028757508844137192
0.007340273354202509
-0.37215346097946167
0.3154768645763397
0.2602379620075226
0.2624760568141937
-0.8745697736740112
0.7105346322059631
-0.5592787265777588
-0.2702154815196991
-0.6637055277824402
0.17709676921367645
0.33452343940734863
0.5697107911109924
-0.2058786004781723
0.3679337203502655
-0.7050172686576843
0.07671011239290237
0.4778936505317688
0.5430871844291687
0.7092266082763672
-0.8759457468986511
0.9210695624351501
1.0089929103851318
0.0803937315940857
0.27322104573249817
0.38557443022727966
0.08698858320713043
-0.8721317052841187
-0.2716906666755676
0.37765708565711975
-0.6520963311195374
-0.5489604473114014
-0.14486661553382874
-0.19231930375099182
0.36066851019859314
0.3085242211818695
0.06590689718723297
0.01874057576060295
0.6998807787895203
-0.9222461581230164
0.5404176115989685
-0.22231371700763702
0.5260541439056396
0.27997615933418274
0.6863630414009094
-0.6674323678016663
-0.4666186273097992
0.7289449572563171
-0.014276777394115925
-0.41751936078071594
-0.9185628890991211
-0.9777911901473999
0.5526469945907593
-0.885344386100769
0.1019960418343544
0.5850858092308044
0.8132106065750122
-0.023989276960492134
0.7487428784370422
0.3094654381275177
0.07678968459367752
-0.9069601893424988
0.6344757676124573
0.11370248347520828
-0.40276482701301575
-0.7899360656738281
0.4467736482620239
0.9645975232124329
0.2980805039405823
-0.8068970441818237
0.596122682094574
0.38414785265922546
-0.016770141199231148
0.33688023686408997
-0.05160491168498993
-0.9450095295906067
-0.5710842609405518
-0.17679929733276367
0.4907297194004059
-0.9862352013587952
-0.02783687599003315
-0.4400206506252289
0.8430459499359131
0.5733151435852051
0.5817065238952637
-0.3337557017803192
-0.48029977083206177
-0.4335557222366333
-0.39522725343704224
0.03497511148452759
0.659391462802887
0.5147033333778381
-0.4796718657016754
0.7553076148033142
0.08911408483982086
0.7596495151519775
0.9429324269294739
0.49569037556648254
0.0813278928399086
0.8401326537132263
0.44799086451530457
-0.9295954704284668
-0.06051536649465561
-0.650017261505127
0.616312563419342
0.3379596471786499
0.7140430808067322
0.5968372225761414
0.45766642689704895
0.1360698640346527
-0.6132065653800964
-0.5540630221366882
0.5865529775619507
0.1834966242313385
-0.10330748558044434
0.5062326192855835
-0.34204286336898804
-0.7142810225486755
0.15447425842285156
0.904137134552002
0.16323760151863098
-0.8515899181365967
0.3960374593734741
-0.21522659063339233
-0.5314096212387085
-0.4452124238014221
0.8327288627624512
-0.2844235897064209
0.009277738630771637
0.5653677582740784
0.746307373046875
-0.4105641841888428
0.5617733001708984
0.8512370586395264
0.5471152067184448
-0.07900258153676987
0.7545182108879089
-0.618644118309021
0.7138239741325378
-0.40714266896247864
-0.6311128735542297
0.8966359496116638
-0.5458987951278687
-0.3098480701446533
-0.5733309388160706
-0.20704855024814606
-0.8129965662956238
-0.38461893796920776
-0.43434765934944153
0.5479223132133484
-0.9786993861198425
-0.5169511437416077
-0.6998209357261658
-0.3968941867351532
-0.06738457083702087
0.15916293859481812
-0.6946681141853333
0.78754723072052
0.44823896884918213
0.524103581905365
0.6310064792633057
-0.5985245704650879
-0.2524784803390503
-0.06744106113910675
0.3127736449241638
-0.5423232913017273
-0.3280090093612671
-0.8868882656097412
-0.686394453048706
-0.8705757856369019
-0.3745580315589905
0.1430707424879074
-0.7648811936378479
0.9153928756713867
-0.49987879395484924
0.2271302193403244
0.3678683042526245
-0.474679559469223
0.711667001247406
0.8925527930259705
0.5205231308937073
0.8113638162612915
0.2650207281112671
-0.5435776710510254
0.7923972606658936
-0.6434923410415649
0.6159525513648987
-0.0757071003317833
-0.8661355972290039
-0.8258693218231201
-0.9336504340171814
-0.7618113160133362
0.9840834736824036
-0.6379441022872925
0.4580616354942322
0.8075680136680603
-0.17901501059532166
-0.14441025257110596
-0.21318326890468597
0.3664216995239258
0.8185834884643555
-0.08116376399993896
0.1791655421257019
0.486049085855484
0.08115915954113007
0.08832348883152008
0.24349938333034515
-0.2311762422323227
-0.7613043785095215
0.45710620284080505
0.4942331612110138
0.18805460631847382
0.38916483521461487
0.02896854840219021
-0.7582092881202698
-0.5871343016624451
-0.7669930458068848
0.9384962320327759
-0.44729098677635193
0.8013685345649719
-0.1847710907459259
0.30460041761398315
-0.23183195292949677
0.6346145868301392
-0.1937810480594635
0.10952605307102203
-0.8696510195732117
-0.11401576548814774
0.5488297939300537
-0.605693519115448
-0.02551775798201561
0.07043097913265228
0.6745363473892212
0.4779863953590393
-0.7931253910064697
-0.5495014190673828
0.3366921842098236
0.33389002084732056
0.30765241384506226
0.9559373259544373
0.0750766396522522
-0.9042889475822449
0.5939621925354004
-0.7851426601409912
0.11855112016201019
0.8086807131767273
-0.3094668686389923
0.5734149813652039
0.3873160481452942
-0.07552073150873184
0.13490843772888184
0.7691445350646973
-0.20818009972572327
-0.3977797031402588
-0.09677291661500931
0.23138897120952606
0.7480235695838928
-0.41630735993385315
-0.32066792249679565
0.5413408279418945
0.9245629906654358
-0.7549758553504944
-0.523144543170929
0.7082043886184692
-0.08905638009309769
0.6336228251457214
-0.9368278980255127
0.7360571622848511
0.5464490652084351
-0.6523016095161438
-0.816105842590332
0.5622844696044922
-0.21326254308223724
0.5846959948539734
-0.30350443720817566
-0.3068285286426544
-0.5409018993377686
0.5392840504646301
-0.11889075487852097
-0.31841254234313965
-0.16965031623840332
0.45662012696266174
0.750683605670929
-0.9720861911773682
0.7940659523010254
-0.7055069804191589
-0.8321559429168701
-0.1549283266067505
0.5861669182777405
0.04600539803504944
0.6643195748329163
-0.7514265775680542
-0.24748603999614716
0.7855740189552307
-0.5335965752601624
-0.8218550682067871
-1.045904517173767
-0.14971379935741425
0.7657396197319031
0.748742938041687
0.5895566940307617
-0.6993863582611084
0.4532180726528168
-0.08428782969713211
-0.2366001307964325
-0.5306403040885925
-0.4128169119358063
0.6969213485717773
0.31529557704925537
0.2688308656215668
-0.9464602470397949
-0.679468035697937
0.8774425387382507
-0.4021899104118347
0.4004448354244232
-0.3874528110027313
-0.217391699552536
-0.2502672076225281
-0.7983480095863342
-0.8595027327537537
0.12390062212944031
0.1107039824128151
-0.011362449266016483
0.29020166397094727
0.8196317553520203
0.814236581325531
0.22140885889530182
-0.2391650229692459
-0.7189918160438538
-1.0149295330047607
0.48783132433891296
0.9325570464134216
-0.7017529010772705
0.07474891096353531
0.7564795017242432
0.8362317681312561
0.48043355345726013
0.6784637570381165
-0.2029341608285904
-0.6362238526344299
-0.8708116412162781
-0.5993727445602417
0.28830623626708984
0.7009400129318237
-0.8308148980140686
-0.3685814440250397
-0.3928081691265106
-0.47442978620529175
0.849092960357666
-0.6983006596565247
-0.7022255659103394
-0.3889220952987671
-0.511856198310852
0.5278966426849365
0.9948592185974121
0.4720672070980072
-0.023824896663427353
-0.0901775062084198
-0.9540329575538635
-0.41753190755844116
0.6197781562805176
0.9709733128547668
0.29853004217147827
0.7177726626396179
0.3551374673843384
0.0558624193072319
0.5481859445571899
0.7346597909927368
-0.1146397516131401
-0.6130642294883728
0.4459228217601776
-0.517085075378418
-0.7515994906425476
0.8020235300064087
0.7908063530921936
-0.04896054044365883
-0.18033501505851746
-0.12349147349596024
-0.2010444551706314
-0.6559265851974487
0.824081540107727
-0.4869135618209839
0.0556480698287487
-0.6313945651054382
0.2020818442106247
-0.11864907294511795
0.7031536102294922
-0.951187789440155
-0.7056429982185364
0.5138400197029114
0.31010109186172485
-0.5713692307472229
0.6968570947647095
-0.6846323609352112
-0.10268893837928772
-0.45330876111984253
1.0106146335601807
-0.5481419563293457
0.07051784545183182
-0.4652315676212311
0.6364479660987854
0.23766838014125824
0.07771296799182892
0.6203925609588623
-0.841884195804596
-0.23882213234901428
-0.0027655865997076035
-0.5781996250152588
-0.5546890497207642
-0.3802603781223297
0.27853721380233765
-0.21154262125492096
0.47601690888404846
0.7946410775184631
0.3188745677471161
-0.8744121193885803
0.2203800529241562
0.11610110849142075
-0.6137918829917908
-0.008570946753025055
0.1644846796989441
-0.9347496032714844
-0.14893251657485962
0.0947551503777504
-0.2501952648162842
-0.5733637809753418
-0.40975984930992126
-0.6877437233924866
0.6566159725189209
0.5747597813606262
-0.1635119467973709
-0.5110670328140259
-0.6130279302597046
0.7091366052627563
-0.978378176689148
-0.26565298438072205
-0.8014817237854004
-0.846765398979187
-0.5341302156448364
0.8558976650238037
-0.06656250357627869
0.6166548728942871
-0.06662072241306305
0.2502005994319916
-0.9562796950340271
-0.7832532525062561
0.09272599220275879
0.25477421283721924
0.3957308530807495
-0.5871764421463013
0.45308247208595276
-0.5797051787376404
0.30285826325416565
-0.936529278755188
-0.6120421886444092
-0.5168359279632568
0.3373899459838867
-0.2511617839336395
-0.42550113797187805
-0.786956787109375
-0.11695826798677444
0.8973716497421265
-0.8256961107254028
0.6812631487846375
0.11259454488754272
0.7847074866294861
-0.14442452788352966
0.21804821491241455
-0.36184942722320557
-0.5897858738899231
-0.04326010122895241
0.7817931771278381
0.5349102020263672
0.8240623474121094
0.6036445498466492
0.4661172926425934
0.28346776962280273
0.4566954970359802
0.039640650153160095
0.6649907827377319
-0.6767668724060059
0.2684648334980011
0.7756991386413574
-0.6458628177642822
0.8330158591270447
0.8909650444984436
-0.13359372317790985
-0.1692064106464386
-0.1592131108045578
0.9027172923088074
0.35605093836784363
-0.3973127603530884
0.19884924590587616
-0.5149100422859192
0.6888276934623718
-0.3733493387699127
0.20600834488868713
1.005294680595398
0.41714367270469666
-0.24125471711158752
0.37234678864479065
0.5041640996932983
0.03870639204978943
-0.3849693536758423
0.020132869482040405
0.06220763921737671
0.5166431069374084
0.9343324303627014
0.8126943111419678
-0.6122739315032959
-0.6771788001060486
-0.7512580752372742
-0.30908873677253723
3.2492069294676185e-5
-0.017553478479385376
0.4400723874568939
-0.24756857752799988
0.019652199000120163
-0.019043026491999626
-0.011418623849749565
0.006751152686774731
-0.020040839910507202
0.0035532689653337
0.019240081310272217
-0.005952674429863691
0.0038227972108870745
-0.5256677269935608
-0.009668838232755661
-0.02409401908516884
0.023069066926836967
-0.02277642861008644
0.00880289077758789
-0.007792107295244932
-0.742987871170044
