4
2
2
25
25
-0.34314
0.17609
-0.32021
0.27763
0.09754
-0.0752
0.13272
0.02095
0.69984
-0.01656
0.16026
0.4649
0.01967
0.33188
0.09881
-0.36239
-0.0682
-0.65771
-0.00895
0.06605
-0.39231
0.32117
0.30141
-0.06219
0.05203
-0.19429
-0.45929
-0.35781
-0.14636
-0.09993
-0.85548
0.08778
-0.13307
0.00979
-0.01834
0.01552
-0.20127
-0.168
-0.04828
0.09175
-0.36456
0.42668
-0.59721
0.64106
0.0802
0.3387
0.03072
-0.1143
0.01992
-0.08955
-0.3114
0.53856
-0.06437
-0.24278
-0.1236
-0.45872
-0.04649
-0.4399
-0.20006
0.14693
-0.3181
0.1875
0.52345
-0.41329
-0.05878
0.31108
-0.42147
0.37144
-0.51386
-0.00368
0.18804
0.27937
0.54554
0.0985
-0.08791
0.37332
0.1285
0.40752
-0.12706
-0.00161
-0.0325
-0.26784
0.24607
-0.62424
0.1325
-0.72702
-0.37828
-0.64471
-0.33567
0.01848
-0.38239
-0.50789
-0.06443
-0.40373
-0.01331
0.47486
-0.50209
-0.25595
-0.10999
-0.1054
0.70837
-0.09001
0.4637
0.12592
0.14037
0.23127
-0.16521
0.70807
0.26932
-0.02042
0.27679
-0.01715
0.06704
-0.17248
-0.02188
-0.57733
0.42936
-0.03145
0.11692
0.125
-0.00463
-0.25263
0.54903
0.04384
0.0555
-0.1399
0.0853
-0.0758
-0.17947
-0.09166
-0.12941
-0.19954
-0.32842
-0.00789
-0.30382
0.21001
-0.34612
-0.25531
0.13489
-0.30186
-0.24897
-0.01259
0.26938
-0.34396
0.3004
-0.32719
-0.31611
0.20132
-0.17142
0.17942
-0.01967
0.10414
0.36268
-0.22015
0.3161
0.06277
0.22758
0.26321
0.19338
0.15284
0.35955
0.2958
0.25842
0.06965
0.3289
0.24313
0.14917
-0.0618
0.34589
-0.00995
0.35477
0.02285
0.29509
-0.33228
-0.18958
0.2284
0.03559
0.07707
0.21178
-0.12156
-0.20812
-0.33735
0.30677
0.02212
0.0658
0.19962
-0.21886
0.11039
-0.33454
0.02216
0.11627
-0.11832
-0.34935
-0.15682
-0.34173
0.03425
-0.15701
0.08383
0.2491
0.22065
-0.06673
-0.20732
-0.0262
-0.26475
0.28247
-0.04656
0.12314
-0.10742
-0.28359
0.27177
0.07172
-0.31683
-0.13758
0.21134
0.0724
-0.27968
-0.21969
0.29993
-0.13754
-0.32276
0.03628
0.29513
-0.22904
0.16103
-0.21238
-0.18582
-0.13775
-0.11817
-0.04567
-0.41335
0.11755
0.00685
-0.01937
0.07634
-0.00671
0.12035
-0.21106
-0.27038
-0.13928
0.15656
0.09071
-0.21924
0.19797
0.21226
0.05599
0.08262
-0.34912
-0.09989
0.28732
0.08305
-0.16782
-0.00796
-0.35265
-0.20779
-0.07042
0.46862
0.08381
-0.11431
0.2156
0.20368
0.22176
0.3166
0.26708
0.14121
-0.18334
0.35964
0.31406
-0.15901
0.19454
-0.07553
0.24594
0.31252
0.23188
-0.064
-0.06552
-0.41182
-0.21834
0.0902
-0.21504
0.25083
0.07701
-0.05087
0.33949
0.17689
0.25375
0.30473
-0.3359
0.30612
-0.11056
0.20815
0.0536
-0.04703
0.21325
0.03037
-0.44658
0.08162
-0.10619
-0.31959
0.38092
-0.18907
0.22181
0.11582
-0.11084
-0.07112
0.54859
-0.30153
0.04781
-0.31602
0.23912
0.10271
0.24135
-0.14296
0.19907
0.186
0.17523
-0.24827
0.0819
-0.26689
0.05246
-0.05037
0.66434
-0.35226
-0.24219
0.03191
0.24471
0.28362
0.02095
0.51493
-0.20055
0.11078
-0.36779
-0.27638
0.05584
0.24489
-0.13432
0.15655
0.39887
-0.10353
0.12205
0.41195
-0.05582
0.25806
-0.1152
0.08574
-0.17583
-0.32382
0.24357
0.45338
-0.2948
-0.13743
0.39888
-0.27573
0.66536
-0.01359
0.26254
0.11327
0.15209
-0.12128
-0.02797
0.22109
-0.23328
0.06133
-0.02473
-0.26756
0.1091
0.22178
-0.07795
-0.15174
-0.23003
-0.28544
-0.30808
0.13539
0.08526
0.07669
-0.19677
0.02498
0.09001
0.0168
-0.30187
0.23728
-0.02484
-0.17275
0.10248
-0.09233
-0.06504
-0.07267
0.09345
0.09862
0.24127
0.42726
-0.02881
0.1304
0.12125
0.07382
0.26964
-0.1003
-0.25075
-0.25257
-0.31375
0.2804
0.26852
-0.38188
0.0197
-0.41232
0.35937
0.45844
0.31991
0.32157
0.09309
0.28926
0.06395
-0.07197
-0.34943
0.07236
0.19066
-0.03455
0.41234
0.01988
0.23982
0.03861
-0.22367
0.14019
0.43808
0.4192
0.24421
0.29367
-0.36082
-0.01164
-0.21647
0.18968
0.0646
-0.12903
-0.31665
-0.26997
-0.05307
0.17964
0.0384
0.12286
0.07585
-0.2847
0.10228
-0.16822
-0.20227
0.18123
-0.31381
-0.1459
-0.32637
-0.14639
-0.10526
0.22582
-0.02194
-0.32314
0.18336
-0.12334
-0.12625
0.21606
-0.00902
-0.08088
-0.02792
0.02491
0.10739
0.11624
-0.05675
-0.32515
-0.30913
0.09555
-0.11864
-0.18048
0.05781
-0.34173
-0.12314
-0.17653
-0.18551
-0.0249
-0.01314
0.04877
-0.18012
-0.05447
-0.23263
0.00801
-0.22364
-0.3165
0.24381
0.18492
-0.32716
-0.23455
0.04467
-0.07684
-0.09036
-0.09914
0.29147
0.37402
-0.28913
0.22796
0.03862
0.18679
0.08818
-0.18345
-0.19605
0.40524
-0.53158
0.08398
0.05408
0.34567
-0.02722
0.03307
0.03742
0.26849
-0.19754
0.8064
-0.22246
0.08045
-0.12965
0.08886
0.09547
0.16507
-0.12553
-0.27519
-0.0523
-0.01331
-0.32772
-0.26605
-0.21892
-0.0059
-0.11393
-0.2702
0.09073
-0.33199
0.26065
0.14828
-0.17959
-0.14179
-0.19826
0.11478
0.2301
-0.29593
0.0871
-0.08353
0.26943
0.19547
-0.03947
-0.39706
-0.32863
0.26147
0.13659
-0.12645
0.34315
0.1228
0.0397
0.12854
-0.17061
0.40314
-0.50303
0.31335
0.56936
0.23424
0.36732
-0.00861
0.31636
-0.41258
0.29539
0.15635
0.32055
0.17688
-0.07874
-0.07607
0.06525
0.1783
0.50576
-0.00219
-0.02187
0.54048
0.2121
0.1201
-0.89069
0.25314
-0.18552
0.43176
0.01515
0.36268
0.23598
-0.04723
-0.03223
-0.43737
-0.22217
0.22514
-0.09331
-0.44471
-0.07328
0.40528
-0.08322
0.30582
-0.03588
-0.41634
0.20488
0.09347
-0.14702
0.20131
0.1701
0.10194
-0.23052
-0.16651
-0.03277
-0.53742
-0.34469
-0.22605
-0.2664
-0.03174
0.2655
0.13492
-0.1154
-0.18259
-0.23656
0.18639
-0.04249
-0.28048
-0.15205
0.19924
-0.01433
0.60146
-0.97561
0.2735
0.44028
0.6902
0.21074
-0.85001
-0.03056
0.31048
0.19397
0.08901
-0.47141
-0.30156
1.20018
0.02762
-0.1548
-0.84272
-0.46534
0.3868
-0.40176
0.14407
-0.26292
0.01869
0.31262
0.00186
-0.03945
0.08348
0.2576
-0.15483
0.25492
-0.25399
0.20356
0.19562
-0.28534
-0.20354
-0.05014
-0.28905
-0.02286
0.27616
0.21015
0.29657
0.00113
-0.01728
-0.21134
-0.19627
-0.12894
0.12197
-0.26466
0.21721
-0.07927
0.00136
-0.04918
0.17269
0.04854
0.36637
-0.07459
0.05467
0.0437
0.19781
-0.10861
0.20262
-0.1475
0.31682
-0.08255
-0.29711
0.00738
-0.20903
0.23996
-0.29214
0.44493
-0.56597
0.57447
0.09196
0.21034
-0.15153
-0.00739
0.11432
0.03391
-0.12845
-0.15137
-0.25738
-0.11709
-0.06374
0.16646
0.31491
0.34943
0.21314
-0.0375
0.42559
0.09106
0.0955
0.34273
0.181
0.18193
0.51308
-0.34563
0.50668
0.0808
-0.15891
-0.44428
0.24326
-0.11659
0.53261
0.01596
0.01695
0.28416
0.12605
0.28749
-0.24388
0.08076
-0.87717
-0.00764
0.2145
-0.35381
0.50366
-0.01004
0.37737
-0.32448
0.17998
0.31461
0.01655
-0.04981
-0.10623
-0.2718
-0.51313
-0.2092
-0.28292
0.23051
-0.58139
-0.0448
-0.09215
0.33378
-0.18189
-0.31547
-0.32323
-0.3343
0.22967
-0.03824
-0.18449
0.28576
-0.02972
-0.07052
0.2715
0.09048
0.2587
-0.2895
0.03428
-0.21225
0.05969
0.06324
0.13086
0.21734
0.28528
-0.14148
-0.08119
-0.05115
0.32572
0.34553
0.37909
-0.02378
0.4153
0.53754
0.20562
-0.15415
0.13422
-0.16312
-0.17649
0.12461
-0.37714
0.30123
-0.55484
-0.00138
-0.34006
-0.01835
-0.30119
0.03982
0.17807
-0.02361
-0.06747
-0.2613
0.44117
-0.07319
-0.20917
0.36491
0.11873
-0.01854
0.40869
0.41791
-0.45455
0.50492
-0.32974
-0.41196
-0.24731
0.15702
-0.29611
0.40445
-0.09036
-0.10686
-0.38578
0.43218
0.11577
-0.5533
-0.04459
-0.46964
0.16472
0.33468
-0.09867
-0.02503
